0.157718199215, 0.154986710066, 0.15126200048, 0.155583812793, 0.154418568623, 0.155964440616, 0.150108664766, 0.151352231156, 0.156111355575, 0.16101439258, 0.148852751579, 0.154647100522, 0.160696711091, 0.160566719173, 0.155638909685, 0.156402956469, 0.158001102554, 0.152843069598, 0.15642818814, 0.154572645439, 0.155961238107, 0.155655346574, 0.159939853102, 0.159657783581, 0.153999297913

Average: 0.15569536

Std: 0.00318487