0.160506901167, 0.159437940244, 0.159650901846, 0.160707406953, 0.155646982434, 0.15529275846, 0.15282020747, 0.154292129269, 0.15696626477, 0.149936172838, 0.155644012583, 0.153076168902, 0.159261316441, 0.155552928681, 0.15456599143, 0.151214681434, 0.157298788732, 0.154718548521, 0.1528325847, 0.157079279043, 0.153003996387, 0.15168978417, 0.15823187468, 0.155242823649, 0.152443385318

Average: 0.15548455

Std: 0.00294677