0.546899888398, 0.543201036559, 0.542129088921, 0.546583939921, 0.547355102538, 0.5478707374, 0.544058320769, 0.539918331032, 0.546602695633, 0.549825292447, 0.541272211417, 0.543882846736, 0.548054637339, 0.547386516233, 0.546470037113, 0.54598772204, 0.549673858748, 0.544914445525, 0.54495274012, 0.546440990028, 0.542682159446, 0.545803155112, 0.54810000164, 0.548348736616, 0.545896913836

Average: 0.54577246

Std: 0.00248124