0.293063985768, 0.287865575506, 0.283915778653, 0.291320887316, 0.289720390085, 0.291516017631, 0.285550222287, 0.284037825658, 0.291080401998, 0.294779954715, 0.281906032594, 0.287406340107, 0.293845789113, 0.294918945486, 0.289143705607, 0.289962297067, 0.293800229343, 0.286782004509, 0.2912697234, 0.289852811667, 0.288159146506, 0.290645930815, 0.2934946531, 0.294051938582, 0.288672869529

Average: 0.28987054

Std: 0.00350209