0.297234786662, 0.294800544238, 0.295337402152, 0.294452063941, 0.289958375863, 0.288277033495, 0.287481262359, 0.291027042265, 0.290545613227, 0.2858975641, 0.290669543333, 0.288577382381, 0.293963690568, 0.288058847341, 0.28830874117, 0.286100672036, 0.293619518363, 0.287521005491, 0.285378342466, 0.292388800265, 0.289769417239, 0.287660107906, 0.293353776921, 0.287824720908, 0.287207676096

Average: 0.29021656

Std: 0.00325978