0.552272131761, 0.547478044607, 0.550507569258, 0.549582946908, 0.546613506178, 0.545836677944, 0.544396251487, 0.547892750277, 0.545789131299, 0.545022058543, 0.546597517079, 0.543963939582, 0.548770657208, 0.545212756874, 0.545625925402, 0.544744304449, 0.548379599946, 0.544173057253, 0.543304909796, 0.546904454822, 0.545685554549, 0.544317261507, 0.548214152941, 0.543964771525, 0.54581526596

Average: 0.54644261

Std: 0.00219952