0.134890394, 0.136872268899, 0.137835388765, 0.131402345954, 0.137304957551, 0.131398595414, 0.143192635285, 0.135145416013, 0.13833615422, 0.142778870681, 0.134728630707, 0.141507103734, 0.139066450142, 0.143051946471, 0.135175955561, 0.129554267208, 0.135367546173, 0.140491536126, 0.132013554637, 0.135281543474, 0.136710547127, 0.134068247136, 0.138976463669, 0.135811364922, 0.133513709576

Average: 0.13657904

Std: 0.00365769