0.497344020312, 0.496450260817, 0.494958096286, 0.494851831912, 0.498917593326, 0.49302625722, 0.502275343917, 0.495433804047, 0.49946749729, 0.500157602246, 0.497136509812, 0.500525429943, 0.499014443871, 0.499960524011, 0.496154358965, 0.492016657021, 0.495288238746, 0.497269714332, 0.493477910734, 0.495886898132, 0.494197199973, 0.496312901518, 0.500390272546, 0.498456793718, 0.494058546515

Average: 0.49692115

Std: 0.00262998