0.257230865019, 0.259437305415, 0.260486221661, 0.254958551552, 0.26059554584, 0.253866862411, 0.268636920195, 0.258482366414, 0.261380015244, 0.26588037594, 0.258835229511, 0.264018010242, 0.262779466365, 0.263820759928, 0.25659629921, 0.251760961519, 0.259317406373, 0.261605963086, 0.254019367478, 0.258375046051, 0.258158044474, 0.257034352038, 0.264048352012, 0.261191478641, 0.257626063514

Average: 0.25960567

Std: 0.00388577