0.152367050536, 0.142765567672, 0.138844443855, 0.135246054273, 0.131350842554, 0.130627894516, 0.139489810763, 0.136637984086, 0.138528494413, 0.132878896468, 0.136517600826, 0.140476807717, 0.140986163806, 0.139484994705, 0.137711561243, 0.140634186241, 0.137357721881, 0.135932928737, 0.136612724628, 0.13983648694, 0.135516721133, 0.138982330955, 0.136402500232, 0.13289447424, 0.130391877863

Average: 0.13753904

Std: 0.00443324