0.276626572229, 0.265751198001, 0.261404346651, 0.257138236437, 0.254078007356, 0.251924152963, 0.263141980644, 0.257310670314, 0.260882268692, 0.255395949239, 0.262912466559, 0.264460151616, 0.264243526085, 0.261135458654, 0.259531351124, 0.264281169882, 0.25979730983, 0.257304066595, 0.25939896837, 0.260180668546, 0.258071805349, 0.262616038967, 0.259531077704, 0.254436280747, 0.253335506804

Average: 0.26019557

Std: 0.00497260