0.510967879929, 0.502049295623, 0.497745912555, 0.495917819413, 0.493066014473, 0.491110962431, 0.498791728337, 0.494767140119, 0.495547086047, 0.494006789703, 0.498191894912, 0.501489411336, 0.499215767649, 0.498220990369, 0.49745633216, 0.499058383283, 0.496912766681, 0.495756857061, 0.496010029362, 0.497704199398, 0.494843655864, 0.500056714063, 0.496736444245, 0.493776023777, 0.493148876158

Average: 0.49730196

Std: 0.00381684